1 0.3245192307692308 0.5865384615384616 0.09254807692307693 0.578125
1 0.7235576923076923 0.6706730769230769 0.19230769230769232 0.6574519230769231
0 0.3269230769230769 0.2704326923076923 0.05889423076923077 0.09254807692307693
0 0.038461538461538464 0.2800480769230769 0.03365384615384615 0.0673076923076923
0 0.08533653846153846 0.2848557692307692 0.04927884615384615 0.08774038461538461
0 0.1658653846153846 0.28725961538461536 0.04326923076923077 0.08173076923076923
0 0.140625 0.2920673076923077 0.030048076923076924 0.0733173076923077
0 0.515625 0.2980769230769231 0.06129807692307692 0.11057692307692307
0 0.24278846153846154 0.29927884615384615 0.054086538461538464 0.1045673076923077
1 0.33413461538461536 0.3004807692307692 0.09134615384615384 0.19831730769230768
0 0.9879807692307693 0.31009615384615385 0.02283653846153846 0.052884615384615384
0 0.20192307692307693 0.31490384615384615 0.04927884615384615 0.09735576923076923
0 0.6598557692307693 0.31971153846153844 0.10336538461538461 0.14302884615384615
0 0.890625 0.3269230769230769 0.037259615384615384 0.07091346153846154
0 0.40865384615384615 0.3269230769230769 0.05048076923076923 0.10216346153846154
0 0.7944711538461539 0.33052884615384615 0.025240384615384616 0.039663461538461536
0 0.5961538461538461 0.3317307692307692 0.06129807692307692 0.0733173076923077
1 0.7980769230769231 0.359375 0.037259615384615384 0.12860576923076922
0 0.31850961538461536 0.359375 0.0733173076923077 0.10216346153846154
0 0.14543269230769232 0.3629807692307692 0.04927884615384615 0.08413461538461539
1 0.9795673076923077 0.42427884615384615 0.036057692307692304 0.30528846153846156
0 0.7307692307692307 0.4254807692307692 0.09735576923076923 0.16346153846153846
1 0.8798076923076923 0.43990384615384615 0.057692307692307696 0.3112980769230769
1 0.20192307692307693 0.4495192307692308 0.04567307692307692 0.38822115384615385
1 0.5060096153846154 0.47716346153846156 0.0889423076923077 0.46033653846153844
1 0.6598557692307693 0.5108173076923077 0.1045673076923077 0.5564903846153846
1 0.5997596153846154 0.5132211538461539 0.0889423076923077 0.47115384615384615
1 0.08533653846153846 0.53125 0.07572115384615384 0.625
1 0.15504807692307693 0.5673076923076923 0.07692307692307693 0.5576923076923077
1 0.41346153846153844 0.5673076923076923 0.09134615384615384 0.6466346153846154
1 0.24278846153846154 0.5697115384615384 0.09495192307692307 0.6790865384615384