1 0.48197115384615385 0.6394230769230769 0.109375 0.6081730769230769
1 0.3293269230769231 0.6418269230769231 0.09254807692307693 0.5925480769230769
1 0.8990384615384616 0.6466346153846154 0.17307692307692307 0.7055288461538461
1 0.39903846153846156 0.6466346153846154 0.08774038461538461 0.5865384615384616
1 0.2512019230769231 0.6574519230769231 0.11298076923076923 0.6057692307692307
1 0.6346153846153846 0.6658653846153846 0.07451923076923077 0.6670673076923077
1 0.5769230769230769 0.6911057692307693 0.0829326923076923 0.6153846153846154
1 0.15745192307692307 0.6971153846153846 0.17067307692307693 0.6009615384615384
1 0.8028846153846154 0.6971153846153846 0.08653846153846154 0.6009615384615384
1 0.7271634615384616 0.703125 0.06490384615384616 0.5889423076923077
0 0.6298076923076923 0.38822115384615385 0.055288461538461536 0.08052884615384616
0 0.6875 0.39302884615384615 0.057692307692307696 0.09375
0 0.24519230769230768 0.4050480769230769 0.07211538461538461 0.125
0 0.47716346153846156 0.4098557692307692 0.06971153846153846 0.09735576923076923
0 0.875 0.41947115384615385 0.078125 0.12860576923076922
0 0.3269230769230769 0.41947115384615385 0.056490384615384616 0.09375
0 0.40384615384615385 0.4230769230769231 0.04927884615384615 0.08052884615384616
0 0.5745192307692307 0.4338942307692308 0.055288461538461536 0.0985576923076923
0 0.14423076923076922 0.4495192307692308 0.08413461538461539 0.11177884615384616
0 0.7235576923076923 0.4567307692307692 0.06490384615384616 0.10336538461538461
0 0.796875 0.4723557692307692 0.06610576923076923 0.1201923076923077