1 0.4182692307692308 0.6201923076923077 0.3137019230769231 0.7584134615384616
0 0.34615384615384615 0.30288461538461536 0.052884615384615384 0.08653846153846154
0 0.27884615384615385 0.3137019230769231 0.04807692307692308 0.06490384615384616
0 0.6598557692307693 0.328125 0.13581730769230768 0.28365384615384615
0 0.5 0.40024038461538464 0.1502403846153846 0.25600961538461536
0 0.13221153846153846 0.4014423076923077 0.03485576923076923 0.039663461538461536
1 0.27163461538461536 0.47716346153846156 0.08173076923076923 0.4266826923076923
1 0.34615384615384615 0.47836538461538464 0.10817307692307693 0.46274038461538464
1 0.1310096153846154 0.4831730769230769 0.04807692307692308 0.234375
1 0.17427884615384615 0.4963942307692308 0.06610576923076923 0.2608173076923077
1 0.6502403846153846 0.5805288461538461 0.2824519230769231 0.8377403846153846