1 0.5625 0.6574519230769231 0.09134615384615384 0.3389423076923077
1 0.7391826923076923 0.6899038461538461 0.09014423076923077 0.39663461538461536
1 0.6598557692307693 0.6911057692307693 0.08533653846153846 0.3641826923076923
1 0.8125 0.7043269230769231 0.07692307692307693 0.4387019230769231
0 0.3485576923076923 0.3449519230769231 0.03365384615384615 0.06129807692307692
0 0.4387019230769231 0.35096153846153844 0.04927884615384615 0.052884615384615384
0 0.2536057692307692 0.359375 0.037259615384615384 0.04927884615384615
0 0.41346153846153844 0.36177884615384615 0.038461538461538464 0.06971153846153846
0 0.31971153846153844 0.3701923076923077 0.03365384615384615 0.052884615384615384
0 0.6634615384615384 0.38341346153846156 0.046875 0.07091346153846154
0 0.4579326923076923 0.39783653846153844 0.039663461538461536 0.0673076923076923
0 0.3449519230769231 0.4074519230769231 0.016826923076923076 0.054086538461538464
0 0.38100961538461536 0.4074519230769231 0.042067307692307696 0.07211538461538461
0 0.9242788461538461 0.4170673076923077 0.05889423076923077 0.07211538461538461
0 0.016826923076923076 0.43028846153846156 0.03245192307692308 0.06850961538461539
0 0.21754807692307693 0.4423076923076923 0.03245192307692308 0.06129807692307692
0 0.0673076923076923 0.44711538461538464 0.042067307692307696 0.06490384615384616
0 0.16706730769230768 0.4543269230769231 0.04807692307692308 0.046875
0 0.6069711538461539 0.5252403846153846 0.03245192307692308 0.046875
0 0.5709134615384616 0.5300480769230769 0.036057692307692304 0.04807692307692308
0 0.8064903846153846 0.5528846153846154 0.054086538461538464 0.078125
1 0.453125 0.5552884615384616 0.07932692307692307 0.4050480769230769
0 0.9326923076923077 0.5649038461538461 0.055288461538461536 0.0829326923076923
1 0.019230769230769232 0.5673076923076923 0.038461538461538464 0.3701923076923077
1 0.1658653846153846 0.5697115384615384 0.052884615384615384 0.3425480769230769
1 0.1141826923076923 0.5697115384615384 0.05889423076923077 0.37259615384615385
1 0.06129807692307692 0.5721153846153846 0.054086538461538464 0.33533653846153844
1 0.21634615384615385 0.5769230769230769 0.06850961538461539 0.35096153846153844
1 0.30408653846153844 0.578125 0.07091346153846154 0.328125
1 0.3713942307692308 0.5805288461538461 0.08653846153846154 0.4182692307692308
1 0.25721153846153844 0.5841346153846154 0.04447115384615385 0.3473557692307692