1 0.49759615384615385 0.6586538461538461 0.09615384615384616 0.5889423076923077
1 0.4170673076923077 0.6622596153846154 0.08413461538461539 0.5889423076923077
1 0.25841346153846156 0.6646634615384616 0.1346153846153846 0.6117788461538461
1 0.3389423076923077 0.6766826923076923 0.07451923076923077 0.5649038461538461
1 0.6418269230769231 0.6826923076923077 0.078125 0.6334134615384616
1 0.9254807692307693 0.6875 0.13942307692307693 0.6201923076923077
1 0.16826923076923078 0.7055288461538461 0.14783653846153846 0.5865384615384616
1 0.5685096153846154 0.7067307692307693 0.08052884615384616 0.5600961538461539
1 0.8137019230769231 0.7079326923076923 0.14182692307692307 0.5829326923076923
1 0.7355769230769231 0.7139423076923077 0.10336538461538461 0.5709134615384616
0 0.7055288461538461 0.41586538461538464 0.051682692307692304 0.09975961538461539
0 0.25721153846153844 0.421875 0.06971153846153846 0.08653846153846154
0 0.6418269230769231 0.42427884615384615 0.06129807692307692 0.08653846153846154
0 0.4951923076923077 0.43509615384615385 0.051682692307692304 0.09254807692307693
0 0.421875 0.4483173076923077 0.051682692307692304 0.09134615384615384
0 0.34375 0.4519230769230769 0.06490384615384616 0.09375
0 0.8918269230769231 0.4639423076923077 0.0673076923076923 0.1310096153846154
0 0.5769230769230769 0.4651442307692308 0.055288461538461536 0.10697115384615384
0 0.15745192307692307 0.484375 0.057692307692307696 0.08533653846153846
0 0.7283653846153846 0.49399038461538464 0.0625 0.09975961538461539
0 0.8305288461538461 0.5072115384615384 0.0625 0.12980769230769232