1 0.7403846153846154 0.5985576923076923 0.15144230769230768 0.8016826923076923
1 0.9711538461538461 0.5997596153846154 0.056490384615384616 0.7992788461538461
1 0.38341346153846156 0.5997596153846154 0.07451923076923077 0.7956730769230769
1 0.21995192307692307 0.6117788461538461 0.11057692307692307 0.6682692307692307
1 0.4495192307692308 0.6165865384615384 0.14423076923076922 0.7644230769230769
1 0.3161057692307692 0.6189903846153846 0.11298076923076923 0.6947115384615384
1 0.6418269230769231 0.6430288461538461 0.1141826923076923 0.7115384615384616
0 0.8701923076923077 0.20673076923076922 0.0889423076923077 0.15865384615384615
0 0.31850961538461536 0.2247596153846154 0.08173076923076923 0.11658653846153846
0 0.6646634615384616 0.22956730769230768 0.07091346153846154 0.12379807692307693
0 0.24639423076923078 0.23677884615384615 0.04807692307692308 0.09134615384615384
0 0.78125 0.2403846153846154 0.08774038461538461 0.12860576923076922
0 0.5661057692307693 0.24519230769230768 0.07451923076923077 0.14302884615384615
0 0.4963942307692308 0.25 0.0673076923076923 0.12139423076923077
0 0.13822115384615385 0.2764423076923077 0.0625 0.11177884615384616
0 0.05889423076923077 0.27884615384615385 0.05889423076923077 0.10096153846153846
0 0.38221153846153844 0.28125 0.056490384615384616 0.11298076923076923
0 0.7247596153846154 0.2932692307692308 0.078125 0.13822115384615385
0 0.43509615384615385 0.3004807692307692 0.07572115384615384 0.10336538461538461
0 0.9867788461538461 0.3245192307692308 0.021634615384615384 0.14423076923076922
0 0.3016826923076923 0.3317307692307692 0.055288461538461536 0.08774038461538461
0 0.21634615384615385 0.3401442307692308 0.0625 0.0889423076923077
0 0.6454326923076923 0.3557692307692308 0.06490384615384616 0.11658653846153846
1 0.7860576923076923 0.3762019230769231 0.11057692307692307 0.45913461538461536
1 0.8665865384615384 0.5456730769230769 0.18389423076923078 0.9074519230769231
1 0.05889423076923077 0.5625 0.09375 0.6875
1 0.14543269230769232 0.5769230769230769 0.10817307692307693 0.7043269230769231
1 0.5588942307692307 0.5829326923076923 0.1201923076923077 0.8137019230769231