1 0.7800480769230769 0.5889423076923077 0.17548076923076922 0.8173076923076923
1 0.4567307692307692 0.609375 0.16346153846153846 0.7764423076923077
0 0.9555288461538461 0.2091346153846154 0.08774038461538461 0.2980769230769231
0 0.35216346153846156 0.2536057692307692 0.14903846153846154 0.2608173076923077
0 0.125 0.27403846153846156 0.08052884615384616 0.11298076923076923
0 0.6346153846153846 0.33774038461538464 0.18990384615384615 0.31850961538461536
0 0.7716346153846154 0.34615384615384615 0.12620192307692307 0.2283653846153846
0 0.8701923076923077 0.35697115384615385 0.06370192307692307 0.1201923076923077
0 0.46033653846153844 0.38100961538461536 0.1502403846153846 0.3004807692307692
0 0.5516826923076923 0.39903846153846156 0.08413461538461539 0.2704326923076923
1 0.9254807692307693 0.5060096153846154 0.14423076923076922 0.9831730769230769
1 0.12740384615384615 0.5192307692307693 0.17307692307692307 0.6586538461538461
1 0.30528846153846156 0.5456730769230769 0.234375 0.9074519230769231
1 0.6622596153846154 0.5841346153846154 0.31971153846153844 0.8269230769230769