1 0.9651442307692307 0.5913461538461539 0.06490384615384616 0.7211538461538461
1 0.4795673076923077 0.5985576923076923 0.057692307692307696 0.5012019230769231
1 0.5396634615384616 0.5985576923076923 0.06610576923076923 0.4987980769230769
1 0.65625 0.6009615384615384 0.06610576923076923 0.5805288461538461
1 0.7427884615384616 0.6057692307692307 0.0829326923076923 0.6201923076923077
1 0.8786057692307693 0.6442307692307693 0.12379807692307693 0.6658653846153846
1 0.8052884615384616 0.6586538461538461 0.09495192307692307 0.6081730769230769
0 0.9747596153846154 0.2956730769230769 0.038461538461538464 0.0829326923076923
0 0.5528846153846154 0.30288461538461536 0.038461538461538464 0.0625
0 0.9110576923076923 0.3112980769230769 0.04807692307692308 0.09014423076923077
0 0.8173076923076923 0.3161057692307692 0.037259615384615384 0.08533653846153846
0 0.21394230769230768 0.3173076923076923 0.02403846153846154 0.055288461538461536
0 0.49038461538461536 0.31850961538461536 0.037259615384615384 0.055288461538461536
0 0.45913461538461536 0.33052884615384615 0.042067307692307696 0.046875
0 0.7415865384615384 0.33413461538461536 0.039663461538461536 0.0733173076923077
0 0.7079326923076923 0.33533653846153844 0.025240384615384616 0.06370192307692307
0 0.08173076923076923 0.33653846153846156 0.042067307692307696 0.04927884615384615
0 0.4110576923076923 0.33774038461538464 0.03365384615384615 0.054086538461538464
0 0.2668269230769231 0.3485576923076923 0.021634615384615384 0.040865384615384616
0 0.2848557692307692 0.35336538461538464 0.03245192307692308 0.052884615384615384
0 0.5925480769230769 0.3557692307692308 0.037259615384615384 0.07091346153846154
0 0.12379807692307693 0.35697115384615385 0.025240384615384616 0.054086538461538464
0 0.8557692307692307 0.3581730769230769 0.040865384615384616 0.078125
0 0.6346153846153846 0.359375 0.03125 0.06610576923076923
0 0.33413461538461536 0.359375 0.027644230769230768 0.06610576923076923
0 0.021634615384615384 0.3605769230769231 0.026442307692307692 0.036057692307692304
0 0.16466346153846154 0.36177884615384615 0.030048076923076924 0.040865384615384616
0 0.5300480769230769 0.38341346153846156 0.04567307692307692 0.0673076923076923
0 0.22115384615384615 0.3870192307692308 0.030048076923076924 0.05048076923076923
0 0.4735576923076923 0.40024038461538464 0.039663461538461536 0.06971153846153846
0 0.7956730769230769 0.4170673076923077 0.030048076923076924 0.056490384615384616
1 0.08413461538461539 0.4963942307692308 0.05889423076923077 0.41346153846153844
1 0.12860576923076922 0.5096153846153846 0.039663461538461536 0.38341346153846156
1 0.33774038461538464 0.5396634615384616 0.025240384615384616 0.44591346153846156
1 0.16947115384615385 0.5408653846153846 0.051682692307692304 0.4206730769230769
1 0.23317307692307693 0.546875 0.06129807692307692 0.37259615384615385
1 0.29447115384615385 0.5492788461538461 0.046875 0.4423076923076923
1 0.4206730769230769 0.5697115384615384 0.06129807692307692 0.5048076923076923
1 0.6069711538461539 0.5829326923076923 0.05889423076923077 0.5612980769230769