1 0.21153846153846154 0.5889423076923077 0.19831730769230768 0.8209134615384616
1 0.8040865384615384 0.6033653846153846 0.25841346153846156 0.7920673076923077
0 0.9663461538461539 0.23197115384615385 0.054086538461538464 0.07451923076923077
0 0.5216346153846154 0.2980769230769231 0.027644230769230768 0.06129807692307692
0 0.31490384615384615 0.30408653846153844 0.17548076923076922 0.26322115384615385
0 0.19471153846153846 0.3173076923076923 0.10576923076923077 0.26802884615384615
0 0.6189903846153846 0.33052884615384615 0.11057692307692307 0.23076923076923078
0 0.7319711538461539 0.38100961538461536 0.13581730769230768 0.23197115384615385
1 0.9555288461538461 0.5096153846153846 0.08774038461538461 0.671875
1 0.6153846153846154 0.5637019230769231 0.16105769230769232 0.7788461538461539
1 0.3858173076923077 0.5757211538461539 0.30408653846153844 0.8461538461538461