1 0.35096153846153844 0.5889423076923077 0.037259615384615384 0.3137019230769231
1 0.5072115384615384 0.6213942307692307 0.03125 0.34975961538461536
1 0.515625 0.625 0.0625 0.4050480769230769
1 0.7151442307692307 0.6346153846153846 0.057692307692307696 0.38100961538461536
1 0.4735576923076923 0.6394230769230769 0.03485576923076923 0.39783653846153844
1 0.640625 0.6466346153846154 0.04567307692307692 0.37259615384615385
1 0.8641826923076923 0.7427884615384616 0.1141826923076923 0.5120192307692307
0 0.5889423076923077 0.4387019230769231 0.03245192307692308 0.06490384615384616
0 0.28966346153846156 0.44591346153846156 0.015625 0.03485576923076923
0 0.3485576923076923 0.4567307692307692 0.020432692307692308 0.039663461538461536
0 0.3233173076923077 0.47596153846153844 0.02403846153846154 0.04326923076923077
0 0.5048076923076923 0.47716346153846156 0.03125 0.039663461538461536
0 0.8497596153846154 0.47836538461538464 0.038461538461538464 0.0733173076923077
0 0.7115384615384616 0.49038461538461536 0.05048076923076923 0.06610576923076923
0 0.6394230769230769 0.4963942307692308 0.030048076923076924 0.046875
0 0.48197115384615385 0.5 0.020432692307692308 0.04447115384615385
1 0.12379807692307693 0.5504807692307693 0.037259615384615384 0.23677884615384615
1 0.9723557692307693 0.5540865384615384 0.040865384615384616 0.22355769230769232
1 0.2824519230769231 0.5637019230769231 0.038461538461538464 0.30408653846153844
1 0.40384615384615385 0.5769230769230769 0.052884615384615384 0.3269230769230769
1 0.39903846153846156 0.5853365384615384 0.051682692307692304 0.3557692307692308