0 0.5733173076923077 0.5949519230769231 0.04927884615384615 0.0829326923076923
0 0.9591346153846154 0.5997596153846154 0.042067307692307696 0.06971153846153846
0 0.6382211538461539 0.6045673076923077 0.04447115384615385 0.08774038461538461
0 0.11177884615384616 0.6081730769230769 0.039663461538461536 0.078125
1 0.8786057692307693 0.6237980769230769 0.08173076923076923 0.25600961538461536
1 0.31009615384615385 0.6346153846153846 0.06009615384615385 0.2403846153846154
1 0.7079326923076923 0.6862980769230769 0.08533653846153846 0.39903846153846156
1 0.6358173076923077 0.7055288461538461 0.08774038461538461 0.3137019230769231
1 0.5745192307692307 0.7139423076923077 0.07932692307692307 0.3485576923076923
1 0.19951923076923078 0.7319711538461539 0.09735576923076923 0.46033653846153844
1 0.10817307692307693 0.7608173076923077 0.08413461538461539 0.4266826923076923
0 0.9134615384615384 0.5084134615384616 0.04447115384615385 0.05889423076923077
0 0.7920673076923077 0.5120192307692307 0.046875 0.07692307692307693
0 0.42427884615384615 0.5168269230769231 0.03245192307692308 0.07932692307692307
0 0.3737980769230769 0.5180288461538461 0.055288461538461536 0.09615384615384616
0 0.5757211538461539 0.5192307692307693 0.03125 0.052884615384615384
0 0.038461538461538464 0.5492788461538461 0.040865384615384616 0.07692307692307693