0 0.9278846153846154 0.23557692307692307 0.046875 0.08774038461538461
0 0.5564903846153846 0.24759615384615385 0.04326923076923077 0.06129807692307692
0 0.515625 0.25 0.027644230769230768 0.051682692307692304
0 0.7848557692307693 0.2512019230769231 0.04567307692307692 0.055288461538461536
0 0.8701923076923077 0.25721153846153844 0.042067307692307696 0.07451923076923077
0 0.6778846153846154 0.2620192307692308 0.03365384615384615 0.0673076923076923
0 0.2764423076923077 0.26802884615384615 0.03485576923076923 0.042067307692307696
0 0.7163461538461539 0.2692307692307692 0.04447115384615385 0.0625
0 0.4423076923076923 0.2764423076923077 0.028846153846153848 0.05889423076923077
0 0.17548076923076922 0.2764423076923077 0.027644230769230768 0.046875
0 0.052884615384615384 0.28125 0.02283653846153846 0.04447115384615385
0 0.35096153846153844 0.28365384615384615 0.03125 0.04326923076923077
0 0.3269230769230769 0.2860576923076923 0.02283653846153846 0.04326923076923077
0 0.24278846153846154 0.28966346153846156 0.02283653846153846 0.04567307692307692
0 0.5997596153846154 0.29086538461538464 0.038461538461538464 0.052884615384615384
0 0.3858173076923077 0.2932692307692308 0.04326923076923077 0.057692307692307696
0 0.8317307692307693 0.2932692307692308 0.03245192307692308 0.05889423076923077
0 0.20793269230769232 0.29447115384615385 0.021634615384615384 0.054086538461538464
0 0.6358173076923077 0.296875 0.040865384615384616 0.056490384615384616
0 0.13942307692307693 0.2980769230769231 0.037259615384615384 0.042067307692307696
0 0.12259615384615384 0.30649038461538464 0.021634615384615384 0.019230769230769232
0 0.5492788461538461 0.31850961538461536 0.038461538461538464 0.05889423076923077
0 0.4951923076923077 0.32091346153846156 0.039663461538461536 0.06370192307692307
0 0.2860576923076923 0.32091346153846156 0.03485576923076923 0.046875
0 0.7704326923076923 0.3389423076923077 0.040865384615384616 0.05048076923076923
1 0.12620192307692307 0.41466346153846156 0.038461538461538464 0.28846153846153844
1 0.17548076923076922 0.42908653846153844 0.042067307692307696 0.359375
1 0.14182692307692307 0.4375 0.039663461538461536 0.34615384615384615
1 0.24879807692307693 0.43990384615384615 0.04326923076923077 0.33653846153846156
1 0.21394230769230768 0.453125 0.046875 0.34615384615384615
1 0.2956730769230769 0.4579326923076923 0.055288461538461536 0.3401442307692308
1 0.3629807692307692 0.46634615384615385 0.042067307692307696 0.4254807692307692
1 0.44591346153846156 0.4723557692307692 0.051682692307692304 0.43990384615384615
1 0.39663461538461536 0.4735576923076923 0.046875 0.4074519230769231
1 0.6021634615384616 0.484375 0.057692307692307696 0.49759615384615385
1 0.49759615384615385 0.4891826923076923 0.06610576923076923 0.43149038461538464
1 0.5576923076923077 0.49278846153846156 0.06009615384615385 0.41586538461538464
1 0.9278846153846154 0.5012019230769231 0.08774038461538461 0.6658653846153846
1 0.6502403846153846 0.5036057692307693 0.06490384615384616 0.5012019230769231
1 0.7247596153846154 0.5144230769230769 0.06971153846153846 0.5685096153846154
1 0.8377403846153846 0.5336538461538461 0.07692307692307693 0.5552884615384616
1 0.7692307692307693 0.5444711538461539 0.0733173076923077 0.5252403846153846