0 0.6995192307692307 0.07451923076923077 0.06610576923076923 0.0985576923076923
0 0.07692307692307693 0.08052884615384616 0.07451923076923077 0.10096153846153846
0 0.3762019230769231 0.09375 0.06971153846153846 0.09014423076923077
0 0.6418269230769231 0.125 0.06850961538461539 0.11057692307692307
0 0.5096153846153846 0.13221153846153846 0.0625 0.109375
0 0.8509615384615384 0.15384615384615385 0.06490384615384616 0.09254807692307693
0 0.7560096153846154 0.17067307692307693 0.05048076923076923 0.109375
0 0.16826923076923078 0.18389423076923078 0.06850961538461539 0.1346153846153846
0 0.296875 0.20192307692307693 0.046875 0.08774038461538461
0 0.11057692307692307 0.2127403846153846 0.05048076923076923 0.09254807692307693
0 0.44711538461538464 0.21754807692307693 0.046875 0.10336538461538461
0 0.04927884615384615 0.23197115384615385 0.051682692307692304 0.07211538461538461
0 0.8449519230769231 0.2704326923076923 0.046875 0.10336538461538461
0 0.5697115384615384 0.028846153846153848 0.040865384615384616 0.057692307692307696
0 0.5060096153846154 0.3004807692307692 0.05048076923076923 0.078125
0 0.7512019230769231 0.3112980769230769 0.07091346153846154 0.140625
0 0.6189903846153846 0.3161057692307692 0.06129807692307692 0.125
0 0.26802884615384615 0.31850961538461536 0.0625 0.10336538461538461
0 0.1778846153846154 0.3245192307692308 0.051682692307692304 0.12139423076923077
0 0.04807692307692308 0.3245192307692308 0.06009615384615385 0.10336538461538461
0 0.47716346153846156 0.03365384615384615 0.06850961538461539 0.0673076923076923
0 0.4266826923076923 0.34375 0.046875 0.11298076923076923
0 0.3641826923076923 0.38341346153846156 0.056490384615384616 0.11658653846153846
0 0.5480769230769231 0.4026442307692308 0.07572115384615384 0.10216346153846154
0 0.2764423076923077 0.04567307692307692 0.06850961538461539 0.06850961538461539
0 0.14423076923076922 0.057692307692307696 0.0733173076923077 0.10576923076923077
1 0.8966346153846154 0.5985576923076923 0.17307692307692307 0.8004807692307693
1 0.18028846153846154 0.6069711538461539 0.09615384615384616 0.78125
1 0.7608173076923077 0.6165865384615384 0.09735576923076923 0.7644230769230769
1 0.07091346153846154 0.6189903846153846 0.12740384615384615 0.7596153846153846
1 0.6514423076923077 0.6262019230769231 0.10216346153846154 0.7463942307692307
1 0.2764423076923077 0.6274038461538461 0.0829326923076923 0.7439903846153846
1 0.36899038461538464 0.6478365384615384 0.13701923076923078 0.6995192307692307
1 0.5637019230769231 0.6622596153846154 0.1310096153846154 0.6742788461538461