0 0.2127403846153846 0.3557692307692308 0.054086538461538464 0.078125
0 0.27884615384615385 0.3798076923076923 0.04807692307692308 0.0733173076923077
0 0.4735576923076923 0.38822115384615385 0.039663461538461536 0.07091346153846154
0 0.42908653846153844 0.3954326923076923 0.05048076923076923 0.0889423076923077
0 0.027644230769230768 0.40625 0.042067307692307696 0.0889423076923077
0 0.7007211538461539 0.41346153846153844 0.03365384615384615 0.09495192307692307
0 0.6622596153846154 0.42788461538461536 0.051682692307692304 0.09615384615384616
0 0.6394230769230769 0.4567307692307692 0.036057692307692304 0.09375
0 0.5757211538461539 0.46274038461538464 0.06009615384615385 0.1045673076923077
0 0.2127403846153846 0.4651442307692308 0.08533653846153846 0.0985576923076923
0 0.2932692307692308 0.4699519230769231 0.057692307692307696 0.11538461538461539
0 0.5108173076923077 0.5144230769230769 0.07692307692307693 0.10576923076923077
0 0.19110576923076922 0.5144230769230769 0.07692307692307693 0.10576923076923077
0 0.46033653846153844 0.5745192307692307 0.07091346153846154 0.1346153846153846