0 0.27283653846153844 0.453125 0.009615384615384616 0.019230769230769232
0 0.40625 0.45552884615384615 0.013221153846153846 0.04326923076923077
0 0.16947115384615385 0.4567307692307692 0.01201923076923077 0.03245192307692308
0 0.3473557692307692 0.46033653846153844 0.014423076923076924 0.027644230769230768
0 0.22115384615384615 0.46274038461538464 0.014423076923076924 0.02283653846153846
0 0.3737980769230769 0.46634615384615385 0.016826923076923076 0.036057692307692304
0 0.6658653846153846 0.46634615384615385 0.01201923076923077 0.019230769230769232
0 0.3137019230769231 0.4675480769230769 0.018028846153846152 0.03365384615384615
0 0.44711538461538464 0.46875 0.016826923076923076 0.025240384615384616
0 0.6442307692307693 0.47475961538461536 0.01201923076923077 0.021634615384615384
0 0.4795673076923077 0.4795673076923077 0.015625 0.026442307692307692
0 0.5108173076923077 0.48197115384615385 0.018028846153846152 0.02283653846153846
1 0.16466346153846154 0.5420673076923077 0.040865384615384616 0.2127403846153846
1 0.44711538461538464 0.5456730769230769 0.04447115384615385 0.22956730769230768
1 0.41346153846153844 0.5480769230769231 0.037259615384615384 0.2247596153846154
1 0.27163461538461536 0.5480769230769231 0.04447115384615385 0.21754807692307693
1 0.38100961538461536 0.5504807692307693 0.03485576923076923 0.21514423076923078
1 0.31490384615384615 0.5552884615384616 0.037259615384615384 0.21754807692307693
1 0.48197115384615385 0.5564903846153846 0.030048076923076924 0.22596153846153846
1 0.3485576923076923 0.5564903846153846 0.04447115384615385 0.22596153846153846
1 0.22355769230769232 0.5612980769230769 0.037259615384615384 0.21754807692307693
1 0.5108173076923077 0.5661057692307693 0.04447115384615385 0.21394230769230768
1 0.7776442307692307 0.5673076923076923 0.03365384615384615 0.24639423076923078