1 0.8401442307692307 0.6887019230769231 0.08413461538461539 0.6177884615384616
0 0.8786057692307693 0.07692307692307693 0.037259615384615384 0.06490384615384616
0 0.7944711538461539 0.078125 0.042067307692307696 0.06850961538461539
0 0.30288461538461536 0.14302884615384615 0.04927884615384615 0.0733173076923077
0 0.7091346153846154 0.15144230769230768 0.052884615384615384 0.07932692307692307
0 0.9375 0.17067307692307693 0.051682692307692304 0.09014423076923077
0 0.4963942307692308 0.2283653846153846 0.05889423076923077 0.09975961538461539
0 0.7620192307692307 0.2512019230769231 0.046875 0.10576923076923077
0 0.3016826923076923 0.2608173076923077 0.046875 0.07932692307692307
0 0.4338942307692308 0.26802884615384615 0.054086538461538464 0.08052884615384616
0 0.3798076923076923 0.28846153846153844 0.057692307692307696 0.0625
0 0.1141826923076923 0.31009615384615385 0.06370192307692307 0.10576923076923077
0 0.1935096153846154 0.31009615384615385 0.056490384615384616 0.07932692307692307
0 0.8100961538461539 0.3389423076923077 0.046875 0.0733173076923077
0 0.9182692307692307 0.3449519230769231 0.052884615384615384 0.0889423076923077
0 0.5072115384615384 0.35096153846153844 0.05048076923076923 0.09134615384615384
0 0.5985576923076923 0.3557692307692308 0.04447115384615385 0.09615384615384616
0 0.7331730769230769 0.36778846153846156 0.039663461538461536 0.08533653846153846
0 0.2932692307692308 0.3737980769230769 0.06370192307692307 0.0985576923076923
0 0.4182692307692308 0.38100961538461536 0.06971153846153846 0.11057692307692307
0 0.6790865384615384 0.39783653846153844 0.04927884615384615 0.09014423076923077
0 0.8353365384615384 0.4362980769230769 0.04326923076923077 0.09975961538461539
1 0.10817307692307693 0.6105769230769231 0.08413461538461539 0.7536057692307693
1 0.19831730769230768 0.6129807692307693 0.10817307692307693 0.7716346153846154
1 0.9411057692307693 0.6298076923076923 0.11298076923076923 0.7355769230769231
1 0.41346153846153844 0.6358173076923077 0.12620192307692307 0.7259615384615384
1 0.5120192307692307 0.6550480769230769 0.1045673076923077 0.6875
1 0.5973557692307693 0.65625 0.08413461538461539 0.6850961538461539
1 0.2956730769230769 0.6598557692307693 0.10216346153846154 0.6778846153846154
1 0.6802884615384616 0.6646634615384616 0.1310096153846154 0.6394230769230769