0 0.4795673076923077 0.07932692307692307 0.04326923076923077 0.08413461538461539
0 0.37259615384615385 0.09975961538461539 0.038461538461538464 0.06971153846153846
0 0.8125 0.11177884615384616 0.037259615384615384 0.0733173076923077
0 0.5649038461538461 0.12620192307692307 0.03365384615384615 0.078125
0 0.21514423076923078 0.12860576923076922 0.038461538461538464 0.07572115384615384
0 0.3233173076923077 0.13581730769230768 0.038461538461538464 0.07692307692307693
0 0.6526442307692307 0.15144230769230768 0.04447115384615385 0.052884615384615384
0 0.7572115384615384 0.15985576923076922 0.037259615384615384 0.078125
0 0.9122596153846154 0.1971153846153846 0.04447115384615385 0.07211538461538461
0 0.8473557692307693 0.20192307692307693 0.028846153846153848 0.07211538461538461
0 0.1971153846153846 0.20552884615384615 0.046875 0.0889423076923077
0 0.5084134615384616 0.22235576923076922 0.051682692307692304 0.08774038461538461
0 0.6394230769230769 0.22596153846153846 0.04447115384615385 0.06370192307692307
0 0.28846153846153844 0.2283653846153846 0.042067307692307696 0.06490384615384616
0 0.34134615384615385 0.23918269230769232 0.06009615384615385 0.08052884615384616
0 0.08653846153846154 0.2620192307692308 0.05048076923076923 0.09735576923076923
0 0.9326923076923077 0.29927884615384615 0.056490384615384616 0.09254807692307693
0 0.40024038461538464 0.3004807692307692 0.04807692307692308 0.09495192307692307
0 0.46634615384615385 0.3076923076923077 0.040865384615384616 0.09735576923076923
0 0.8365384615384616 0.3088942307692308 0.06490384615384616 0.09495192307692307
0 0.7608173076923077 0.31009615384615385 0.051682692307692304 0.0829326923076923
0 0.30408653846153844 0.3125 0.04326923076923077 0.10216346153846154
0 0.20432692307692307 0.3173076923076923 0.04807692307692308 0.0889423076923077
0 0.5396634615384616 0.3473557692307692 0.06129807692307692 0.09014423076923077
0 0.6658653846153846 0.3762019230769231 0.057692307692307696 0.07932692307692307
0 0.5540865384615384 0.038461538461538464 0.03125 0.04447115384615385
0 0.2800480769230769 0.051682692307692304 0.037259615384615384 0.052884615384615384
1 0.1045673076923077 0.5252403846153846 0.11658653846153846 0.6911057692307693
1 0.8425480769230769 0.5492788461538461 0.09254807692307693 0.5745192307692307
1 0.7692307692307693 0.5600961538461539 0.09495192307692307 0.6682692307692307
1 0.39302884615384615 0.5625 0.06850961538461539 0.6334134615384616
1 0.19591346153846154 0.5733173076923077 0.09495192307692307 0.6418269230769231
0 0.6201923076923077 0.05889423076923077 0.037259615384615384 0.06850961538461539
1 0.30649038461538464 0.5961538461538461 0.10817307692307693 0.7091346153846154
1 0.9362980769230769 0.609375 0.1141826923076923 0.6995192307692307
1 0.5240384615384616 0.625 0.08774038461538461 0.6586538461538461
1 0.6862980769230769 0.6370192307692307 0.10576923076923077 0.6514423076923077
0 0.71875 0.0673076923076923 0.027644230769230768 0.05048076923076923