0 0.7992788461538461 0.19230769230769232 0.05889423076923077 0.09615384615384616
0 0.25 0.20793269230769232 0.052884615384615384 0.09735576923076923
0 0.140625 0.2247596153846154 0.052884615384615384 0.08533653846153846
0 0.8954326923076923 0.22956730769230768 0.06370192307692307 0.0985576923076923
0 0.6923076923076923 0.23798076923076922 0.05048076923076923 0.08774038461538461
0 0.5216346153846154 0.25841346153846156 0.036057692307692304 0.07572115384615384
0 0.3329326923076923 0.28365384615384615 0.039663461538461536 0.08774038461538461
0 0.026442307692307692 0.2956730769230769 0.04447115384615385 0.10336538461538461
1 0.8161057692307693 0.46634615384615385 0.10096153846153846 0.6959134615384616
1 0.5901442307692307 0.4735576923076923 0.18509615384615385 0.8497596153846154
1 0.8894230769230769 0.49158653846153844 0.06129807692307692 0.6826923076923077
1 0.7067307692307693 0.49759615384615385 0.1310096153846154 0.6490384615384616
1 0.1346153846153846 0.4987980769230769 0.08653846153846154 0.6923076923076923
1 0.4411057692307692 0.5108173076923077 0.16706730769230768 0.8245192307692307
1 0.2548076923076923 0.5264423076923077 0.13942307692307693 0.765625
1 0.037259615384615384 0.546875 0.0733173076923077 0.6478365384615384
1 0.33413461538461536 0.5492788461538461 0.05048076923076923 0.6129807692307693