1 0.4230769230769231 0.7163461538461539 0.21394230769230768 0.5637019230769231
0 0.16105769230769232 0.921875 0.125 0.15144230769230768
0 0.6730769230769231 0.3786057692307692 0.07211538461538461 0.07451923076923077
0 0.028846153846153848 0.40024038461538464 0.054086538461538464 0.11658653846153846
0 0.3762019230769231 0.4050480769230769 0.07211538461538461 0.09975961538461539
0 0.17668269230769232 0.40625 0.054086538461538464 0.13581730769230768
0 0.5793269230769231 0.4074519230769231 0.0673076923076923 0.09014423076923077
0 0.46634615384615385 0.40865384615384615 0.056490384615384616 0.0889423076923077
0 0.2800480769230769 0.4170673076923077 0.0625 0.109375
0 0.7920673076923077 0.4675480769230769 0.06009615384615385 0.11177884615384616
0 0.9146634615384616 0.49038461538461536 0.06129807692307692 0.07932692307692307
0 0.3605769230769231 0.5048076923076923 0.07572115384615384 0.1141826923076923
0 0.4423076923076923 0.5120192307692307 0.05889423076923077 0.12259615384615384
1 0.19951923076923078 0.5204326923076923 0.140625 0.3713942307692308
1 0.09495192307692307 0.5576923076923077 0.18990384615384615 0.5
0 0.8557692307692307 0.6105769230769231 0.07692307692307693 0.09375
0 0.7716346153846154 0.625 0.06370192307692307 0.109375
0 0.6526442307692307 0.6490384615384616 0.06850961538461539 0.10817307692307693