0 0.9471153846153846 0.23918269230769232 0.056490384615384616 0.08173076923076923
0 0.4014423076923077 0.2620192307692308 0.05048076923076923 0.1045673076923077
0 0.5829326923076923 0.2692307692307692 0.06009615384615385 0.13341346153846154
0 0.8353365384615384 0.2704326923076923 0.06370192307692307 0.09495192307692307
0 0.7247596153846154 0.2764423076923077 0.056490384615384616 0.08413461538461539
0 0.2668269230769231 0.2848557692307692 0.05889423076923077 0.0733173076923077
0 0.040865384615384616 0.2848557692307692 0.055288461538461536 0.09735576923076923
0 0.5252403846153846 0.2980769230769231 0.04567307692307692 0.0829326923076923
0 0.20432692307692307 0.3125 0.05889423076923077 0.10216346153846154
0 0.33413461538461536 0.32091346153846156 0.04807692307692308 0.0733173076923077
0 0.46875 0.33653846153846156 0.05048076923076923 0.078125

1 0.7487980769230769 0.5336538461538461 0.14423076923076922 0.7175480769230769
1 0.2824519230769231 0.5600961538461539 0.10216346153846154 0.7319711538461539
1 0.859375 0.5612980769230769 0.11057692307692307 0.7319711538461539
1 0.4026442307692308 0.5649038461538461 0.13581730769230768 0.8052884615384616
1 0.5829326923076923 0.5757211538461539 0.11057692307692307 0.75
1 0.052884615384615384 0.5829326923076923 0.1045673076923077 0.7391826923076923
1 0.17307692307692307 0.6117788461538461 0.09735576923076923 0.6057692307692307