1 0.23918269230769232 0.6430288461538461 0.10096153846153846 0.7115384615384616
1 0.12139423076923077 0.6646634615384616 0.1201923076923077 0.6574519230769231
1 0.3137019230769231 0.6682692307692307 0.08774038461538461 0.6514423076923077
1 0.4362980769230769 0.6682692307692307 0.13822115384615385 0.5985576923076923
0 0.6814903846153846 0.3173076923076923 0.0829326923076923 0.16826923076923078
0 0.22596153846153846 0.35336538461538464 0.046875 0.07692307692307693
0 0.1310096153846154 0.38461538461538464 0.03485576923076923 0.08413461538461539
0 0.09975961538461539 0.41225961538461536 0.04567307692307692 0.0733173076923077
0 0.4206730769230769 0.41346153846153844 0.051682692307692304 0.06971153846153846
0 0.2980769230769231 0.4423076923076923 0.05889423076923077 0.08173076923076923
0 0.020432692307692308 0.45072115384615385 0.03365384615384615 0.08774038461538461
1 0.7572115384615384 0.5829326923076923 0.2980769230769231 0.8293269230769231