1 0.26802884615384615 0.5877403846153846 0.05889423076923077 0.4519230769230769
1 0.8822115384615384 0.6742788461538461 0.17548076923076922 0.6502403846153846
0 0.4050480769230769 0.3112980769230769 0.04447115384615385 0.09375
0 0.02283653846153846 0.31490384615384615 0.02283653846153846 0.040865384615384616
0 0.08173076923076923 0.3161057692307692 0.027644230769230768 0.04567307692307692
0 0.18870192307692307 0.33774038461538464 0.014423076923076924 0.052884615384615384
0 0.21754807692307693 0.33774038461538464 0.027644230769230768 0.06129807692307692
1 0.2668269230769231 0.33774038461538464 0.027644230769230768 0.052884615384615384
0 0.36658653846153844 0.3389423076923077 0.03485576923076923 0.06490384615384616
0 0.11658653846153846 0.3545673076923077 0.038461538461538464 0.04447115384615385
0 0.3161057692307692 0.3629807692307692 0.03245192307692308 0.0733173076923077
0 0.06610576923076923 0.3786057692307692 0.03245192307692308 0.04927884615384615
0 0.015625 0.3786057692307692 0.030048076923076924 0.06370192307692307
0 0.25721153846153844 0.40024038461538464 0.03125 0.057692307692307696
1 0.5793269230769231 0.4074519230769231 0.037259615384615384 0.1935096153846154
1 0.8100961538461539 0.5336538461538461 0.08173076923076923 0.39663461538461536
1 0.421875 0.5384615384615384 0.0829326923076923 0.5805288461538461
1 0.21153846153846154 0.5384615384615384 0.056490384615384616 0.4831730769230769
1 0.021634615384615384 0.5396634615384616 0.036057692307692304 0.3954326923076923
1 0.0733173076923077 0.5408653846153846 0.06129807692307692 0.4182692307692308
1 0.12259615384615384 0.5444711538461539 0.07211538461538461 0.4483173076923077
1 0.33413461538461536 0.5769230769230769 0.07692307692307693 0.5036057692307693