1 0.7944711538461539 0.6009615384615384 0.08413461538461539 0.6430288461538461
1 0.7355769230769231 0.6033653846153846 0.0625 0.6274038461538461
0 0.49038461538461536 0.6274038461538461 0.09735576923076923 0.7439903846153846
0 0.7103365384615384 0.29086538461538464 0.039663461538461536 0.0829326923076923
0 0.8521634615384616 0.30528846153846156 0.036057692307692304 0.07572115384615384
0 0.5637019230769231 0.3112980769230769 0.04567307692307692 0.06370192307692307
0 0.8882211538461539 0.3125 0.046875 0.04807692307692308
0 0.9867788461538461 0.3161057692307692 0.021634615384615384 0.06971153846153846
0 0.7920673076923077 0.34134615384615385 0.039663461538461536 0.08173076923076923
0 0.7415865384615384 0.38341346153846156 0.04807692307692308 0.05889423076923077
0 0.09735576923076923 0.3918269230769231 0.056490384615384616 0.07572115384615384
1 0.9555288461538461 0.5324519230769231 0.07091346153846154 0.5685096153846154