1 0.6730769230769231 0.625 0.09615384615384616 0.5348557692307693
1 0.9182692307692307 0.6286057692307693 0.09735576923076923 0.5612980769230769
1 0.1875 0.6298076923076923 0.14903846153846154 0.4675480769230769
1 0.41586538461538464 0.6394230769230769 0.08774038461538461 0.4891826923076923
1 0.7487980769230769 0.640625 0.08653846153846154 0.4807692307692308
1 0.5516826923076923 0.6490384615384616 0.0889423076923077 0.41466346153846156
0 0.4831730769230769 0.3605769230769231 0.025240384615384616 0.0673076923076923
0 0.33533653846153844 0.3605769230769231 0.03365384615384615 0.056490384615384616
0 0.5408653846153846 0.3942307692307692 0.04567307692307692 0.07692307692307693
0 0.25600961538461536 0.3954326923076923 0.030048076923076924 0.05889423076923077
0 0.2860576923076923 0.39783653846153844 0.030048076923076924 0.04807692307692308
0 0.7307692307692307 0.40024038461538464 0.03125 0.054086538461538464
0 0.6310096153846154 0.4050480769230769 0.037259615384615384 0.07932692307692307
0 0.6754807692307693 0.4074519230769231 0.03365384615384615 0.0673076923076923
0 0.43149038461538464 0.4074519230769231 0.028846153846153848 0.04807692307692308
0 0.9146634615384616 0.41466346153846156 0.028846153846153848 0.051682692307692304
0 0.21875 0.421875 0.027644230769230768 0.052884615384615384
0 0.8064903846153846 0.4266826923076923 0.02403846153846154 0.05889423076923077
0 0.7596153846153846 0.4266826923076923 0.030048076923076924 0.06129807692307692
0 0.4098557692307692 0.4411057692307692 0.03245192307692308 0.06009615384615385
0 0.5444711538461539 0.4879807692307692 0.03365384615384615 0.052884615384615384
1 0.6225961538461539 0.5673076923076923 0.039663461538461536 0.453125
1 0.33653846153846156 0.5745192307692307 0.06610576923076923 0.5120192307692307