1 0.24519230769230768 0.6009615384615384 0.08653846153846154 0.4074519230769231
1 0.5985576923076923 0.6033653846153846 0.05889423076923077 0.38461538461538464
1 0.7644230769230769 0.6129807692307693 0.05889423076923077 0.31009615384615385
1 0.6598557692307693 0.6201923076923077 0.078125 0.40384615384615385
1 0.34615384615384615 0.6682692307692307 0.08413461538461539 0.40384615384615385
0 0.057692307692307696 0.4326923076923077 0.018028846153846152 0.040865384615384616
0 0.8305288461538461 0.44711538461538464 0.02283653846153846 0.026442307692307692
0 0.5997596153846154 0.4543269230769231 0.02403846153846154 0.040865384615384616
0 0.27163461538461536 0.4567307692307692 0.027644230769230768 0.04927884615384615
0 0.6538461538461539 0.4579326923076923 0.026442307692307692 0.037259615384615384
0 0.47115384615384615 0.47836538461538464 0.020432692307692308 0.04326923076923077
0 0.36538461538461536 0.4963942307692308 0.026442307692307692 0.06009615384615385
1 0.057692307692307696 0.5024038461538461 0.056490384615384616 0.22716346153846154
0 0.8028846153846154 0.5276442307692307 0.020432692307692308 0.046875
1 0.8353365384615384 0.5637019230769231 0.06971153846153846 0.3112980769230769
1 0.4519230769230769 0.5793269230769231 0.06129807692307692 0.32211538461538464