1 0.36538461538461536 0.703125 0.036057692307692304 0.41466346153846156
1 0.6286057692307693 0.7079326923076923 0.04326923076923077 0.375
1 0.5889423076923077 0.7127403846153846 0.056490384615384616 0.40384615384615385
1 0.6911057692307693 0.7127403846153846 0.0625 0.4182692307692308
1 0.41586538461538464 0.7139423076923077 0.04807692307692308 0.44711538461538464
1 0.5492788461538461 0.7151442307692307 0.05048076923076923 0.4543269230769231
1 0.4651442307692308 0.7163461538461539 0.04567307692307692 0.4170673076923077
1 0.5036057692307693 0.7235576923076923 0.04807692307692308 0.40384615384615385
1 0.3137019230769231 0.7283653846153846 0.05048076923076923 0.41346153846153844
0 0.4170673076923077 0.5348557692307693 0.026442307692307692 0.04807692307692308
0 0.3737980769230769 0.5396634615384616 0.03245192307692308 0.055288461538461536
0 0.5420673076923077 0.5396634615384616 0.02283653846153846 0.04807692307692308
0 0.6862980769230769 0.5504807692307693 0.03365384615384615 0.057692307692307696
0 0.5853365384615384 0.5528846153846154 0.030048076923076924 0.038461538461538464
0 0.5036057692307693 0.5637019230769231 0.025240384615384616 0.040865384615384616
0 0.4567307692307692 0.5685096153846154 0.027644230769230768 0.046875
0 0.6298076923076923 0.5709134615384616 0.03245192307692308 0.051682692307692304
0 0.31971153846153844 0.5745192307692307 0.019230769230769232 0.08052884615384616