1 0.49038461538461536 0.6646634615384616 0.07091346153846154 0.578125
1 0.640625 0.6658653846153846 0.06370192307692307 0.6670673076923077
1 0.24879807692307693 0.6682692307692307 0.10096153846153846 0.5612980769230769
1 0.3425480769230769 0.6838942307692307 0.08774038461538461 0.5649038461538461
1 0.4182692307692308 0.6862980769230769 0.07692307692307693 0.5360576923076923
1 0.5697115384615384 0.6983173076923077 0.07692307692307693 0.5985576923076923
1 0.9146634615384616 0.6995192307692307 0.1045673076923077 0.5985576923076923
1 0.8209134615384616 0.7091346153846154 0.08052884615384616 0.5793269230769231
1 0.16466346153846154 0.7139423076923077 0.14302884615384615 0.5709134615384616
1 0.7127403846153846 0.7211538461538461 0.11057692307692307 0.5564903846153846
0 0.6370192307692307 0.4050480769230769 0.042067307692307696 0.0829326923076923
0 0.6983173076923077 0.4110576923076923 0.039663461538461536 0.07451923076923077
0 0.25721153846153844 0.41466346153846156 0.04927884615384615 0.0829326923076923
0 0.48677884615384615 0.43509615384615385 0.039663461538461536 0.078125
0 0.42427884615384615 0.43990384615384615 0.038461538461538464 0.06971153846153846
0 0.34134615384615385 0.44711538461538464 0.038461538461538464 0.06971153846153846
0 0.5769230769230769 0.46033653846153844 0.04326923076923077 0.07211538461538461
0 0.8858173076923077 0.46153846153846156 0.052884615384615384 0.0985576923076923
0 0.140625 0.4807692307692308 0.0625 0.08774038461538461
0 0.7367788461538461 0.49759615384615385 0.055288461538461536 0.0889423076923077
0 0.8137019230769231 0.5024038461538461 0.04927884615384615 0.10576923076923077