1 0.054086538461538464 0.5997596153846154 0.06009615384615385 0.5180288461538461
1 0.25961538461538464 0.6310096153846154 0.07572115384615384 0.5853365384615384
1 0.1502403846153846 0.6358173076923077 0.078125 0.5961538461538461
1 0.1971153846153846 0.65625 0.06971153846153846 0.5456730769230769
1 0.71875 0.6634615384615384 0.08774038461538461 0.6706730769230769
1 0.328125 0.6730769230769231 0.07211538461538461 0.5204326923076923
1 0.59375 0.6826923076923077 0.07692307692307693 0.6334134615384616
1 0.4375 0.6923076923076923 0.06370192307692307 0.5757211538461539
1 0.8846153846153846 0.6935096153846154 0.08173076923076923 0.6081730769230769
1 0.5144230769230769 0.6971153846153846 0.07211538461538461 0.6009615384615384
1 0.7884615384615384 0.7091346153846154 0.11899038461538461 0.5793269230769231
0 0.5276442307692307 0.3605769230769231 0.046875 0.0829326923076923
0 0.8401442307692307 0.3605769230769231 0.039663461538461536 0.10697115384615384
0 0.4651442307692308 0.3701923076923077 0.038461538461538464 0.07572115384615384
0 0.3076923076923077 0.37259615384615385 0.037259615384615384 0.08413461538461539
0 0.6814903846153846 0.37740384615384615 0.026442307692307692 0.09375
0 0.34975961538461536 0.38341346153846156 0.037259615384615384 0.0829326923076923
0 0.41346153846153844 0.3858173076923077 0.038461538461538464 0.07572115384615384
0 0.7223557692307693 0.390625 0.040865384615384616 0.11298076923076923
0 0.042067307692307696 0.3942307692307692 0.040865384615384616 0.0733173076923077
0 0.9543269230769231 0.39663461538461536 0.06971153846153846 0.125
0 0.15264423076923078 0.4098557692307692 0.038461538461538464 0.08533653846153846
0 0.25600961538461536 0.4110576923076923 0.05048076923076923 0.07091346153846154
0 0.5769230769230769 0.4182692307692308 0.03245192307692308 0.08173076923076923
0 0.20072115384615385 0.42908653846153844 0.03485576923076923 0.06370192307692307
0 0.8737980769230769 0.4362980769230769 0.055288461538461536 0.09735576923076923
0 0.5072115384615384 0.44591346153846156 0.04567307692307692 0.06129807692307692
0 0.43149038461538464 0.4519230769230769 0.03365384615384615 0.07932692307692307
0 0.3293269230769231 0.46634615384615385 0.04807692307692308 0.07692307692307693
0 0.8076923076923077 0.47475961538461536 0.038461538461538464 0.09014423076923077