1 0.47475961538461536 0.5973557692307693 0.125 0.8040865384615384
1 0.7800480769230769 0.6033653846153846 0.10817307692307693 0.7884615384615384
1 0.859375 0.6129807692307693 0.12860576923076922 0.7728365384615384
1 0.3473557692307692 0.6177884615384616 0.11298076923076923 0.7632211538461539
1 0.6923076923076923 0.6262019230769231 0.08173076923076923 0.7427884615384616
1 0.5733173076923077 0.6394230769230769 0.12620192307692307 0.7199519230769231
1 0.17067307692307693 0.6658653846153846 0.11298076923076923 0.6670673076923077
0 0.6754807692307693 0.21754807692307693 0.052884615384615384 0.11057692307692307
0 0.13822115384615385 0.24759615384615385 0.040865384615384616 0.07692307692307693
0 0.4639423076923077 0.2668269230769231 0.055288461538461536 0.12980769230769232
0 0.96875 0.2668269230769231 0.038461538461538464 0.12980769230769232
0 0.23197115384615385 0.2800480769230769 0.040865384615384616 0.078125
0 0.7620192307692307 0.29086538461538464 0.054086538461538464 0.12259615384615384
0 0.3449519230769231 0.29927884615384615 0.051682692307692304 0.09735576923076923
0 0.04807692307692308 0.3004807692307692 0.051682692307692304 0.09615384615384616
0 0.8425480769230769 0.3016826923076923 0.051682692307692304 0.12139423076923077
0 0.6610576923076923 0.34375 0.057692307692307696 0.08653846153846154
0 0.5697115384615384 0.35336538461538464 0.04807692307692308 0.10817307692307693
0 0.15384615384615385 0.3629807692307692 0.05048076923076923 0.0733173076923077
1 0.06490384615384616 0.5757211538461539 0.0985576923076923 0.7103365384615384