1 0.6850961538461539 0.5961538461538461 0.04567307692307692 0.3581730769230769
1 0.25 0.6430288461538461 0.09375 0.6057692307692307
1 0.5889423076923077 0.6514423076923077 0.055288461538461536 0.45552884615384615
1 0.4579326923076923 0.6622596153846154 0.07451923076923077 0.4098557692307692
1 0.3485576923076923 0.6826923076923077 0.08052884615384616 0.5120192307692307
0 0.4098557692307692 0.43509615384615385 0.038461538461538464 0.06129807692307692
0 0.24519230769230768 0.4411057692307692 0.037259615384615384 0.07211538461538461
0 0.6262019230769231 0.4543269230769231 0.03245192307692308 0.04927884615384615
0 0.6862980769230769 0.4543269230769231 0.02403846153846154 0.037259615384615384
0 0.7415865384615384 0.4567307692307692 0.016826923076923076 0.04447115384615385
0 0.5817307692307693 0.4567307692307692 0.02403846153846154 0.07211538461538461
0 0.5288461538461539 0.46153846153846156 0.020432692307692308 0.0673076923076923
0 0.46033653846153844 0.4735576923076923 0.02403846153846154 0.052884615384615384
1 0.7319711538461539 0.5817307692307693 0.038461538461538464 0.34134615384615385