1 0.5396634615384616 0.59375 0.09975961538461539 0.4723557692307692
1 0.17548076923076922 0.6165865384615384 0.06370192307692307 0.46875
1 0.30649038461538464 0.6382211538461539 0.07451923076923077 0.49038461538461536
1 0.7944711538461539 0.6478365384615384 0.06009615384615385 0.44471153846153844
1 0.7115384615384616 0.6634615384615384 0.0829326923076923 0.4699519230769231
0 0.46634615384615385 0.28846153846153844 0.038461538461538464 0.0829326923076923
0 0.6430288461538461 0.296875 0.037259615384615384 0.06009615384615385
0 0.5192307692307693 0.30408653846153844 0.04807692307692308 0.054086538461538464
0 0.9026442307692307 0.3425480769230769 0.040865384615384616 0.06610576923076923
0 0.703125 0.35697115384615385 0.036057692307692304 0.057692307692307696
0 0.78125 0.35697115384615385 0.036057692307692304 0.06129807692307692
0 0.3269230769230769 0.3581730769230769 0.03245192307692308 0.07932692307692307
0 0.23076923076923078 0.36778846153846156 0.027644230769230768 0.055288461538461536
0 0.38461538461538464 0.3894230769230769 0.051682692307692304 0.08533653846153846
0 0.1971153846153846 0.4026442307692308 0.04807692307692308 0.0733173076923077
0 0.27163461538461536 0.40625 0.03245192307692308 0.04927884615384615
0 0.53125 0.41225961538461536 0.037259615384615384 0.0733173076923077
0 0.32091346153846156 0.4362980769230769 0.03365384615384615 0.05048076923076923
0 0.7956730769230769 0.4675480769230769 0.039663461538461536 0.06129807692307692
1 0.9194711538461539 0.47115384615384615 0.15985576923076922 0.47716346153846156
0 0.7283653846153846 0.47475961538461536 0.028846153846153848 0.06009615384615385
1 0.6358173076923077 0.5180288461538461 0.09254807692307693 0.625
1 0.46634615384615385 0.5252403846153846 0.078125 0.6117788461538461
1 0.38822115384615385 0.5552884615384616 0.08173076923076923 0.4579326923076923