1 0.8701923076923077 0.6550480769230769 0.13221153846153846 0.6634615384615384
0 0.5144230769230769 0.27283653846153844 0.038461538461538464 0.051682692307692304
0 0.65625 0.29447115384615385 0.028846153846153848 0.057692307692307696
0 0.33653846153846156 0.296875 0.02403846153846154 0.056490384615384616
0 0.4519230769230769 0.30288461538461536 0.039663461538461536 0.056490384615384616
0 0.25600961538461536 0.30408653846153844 0.03245192307692308 0.04447115384615385
0 0.5661057692307693 0.3137019230769231 0.025240384615384616 0.04567307692307692
0 0.7259615384615384 0.3233173076923077 0.037259615384615384 0.056490384615384616
0 0.7884615384615384 0.3293269230769231 0.055288461538461536 0.09615384615384616
0 0.19831730769230768 0.33413461538461536 0.027644230769230768 0.040865384615384616
0 0.5060096153846154 0.34615384615384615 0.025240384615384616 0.04567307692307692
0 0.3762019230769231 0.35336538461538464 0.02403846153846154 0.046875
0 0.8329326923076923 0.3918269230769231 0.038461538461538464 0.10817307692307693
1 0.953125 0.4074519230769231 0.040865384615384616 0.25721153846153844
1 0.2644230769230769 0.47475961538461536 0.055288461538461536 0.4050480769230769
1 0.1622596153846154 0.47475961538461536 0.04807692307692308 0.375
1 0.09375 0.47836538461538464 0.05048076923076923 0.30528846153846156
1 0.21033653846153846 0.4891826923076923 0.051682692307692304 0.3918269230769231
1 0.33052884615384615 0.49399038461538464 0.0625 0.47475961538461536
1 0.4519230769230769 0.5012019230769231 0.056490384615384616 0.5132211538461539
1 0.375 0.5060096153846154 0.04567307692307692 0.3942307692307692
1 0.5841346153846154 0.5252403846153846 0.06850961538461539 0.5084134615384616
1 0.5180288461538461 0.5372596153846154 0.0829326923076923 0.453125