1 0.16947115384615385 0.6947115384615384 0.14423076923076922 0.45072115384615385
1 0.359375 0.7199519230769231 0.14423076923076922 0.5588942307692307
1 0.7475961538461539 0.7512019230769231 0.15384615384615385 0.49278846153846156
0 0.054086538461538464 0.3329326923076923 0.021634615384615384 0.026442307692307692
0 0.07932692307692307 0.34134615384615385 0.02283653846153846 0.039663461538461536
0 0.015625 0.34375 0.026442307692307692 0.046875
0 0.5973557692307693 0.4074519230769231 0.026442307692307692 0.04567307692307692
0 0.3269230769230769 0.41947115384615385 0.02403846153846154 0.04567307692307692
0 0.4230769230769231 0.421875 0.036057692307692304 0.039663461538461536
0 0.17427884615384615 0.421875 0.028846153846153848 0.046875
0 0.2980769230769231 0.4375 0.038461538461538464 0.042067307692307696
0 0.8822115384615384 0.43990384615384615 0.038461538461538464 0.06971153846153846
0 0.5637019230769231 0.44471153846153844 0.038461538461538464 0.06009615384615385
0 0.08533653846153846 0.47836538461538464 0.042067307692307696 0.054086538461538464
0 0.4338942307692308 0.49278846153846156 0.036057692307692304 0.08052884615384616
0 0.23918269230769232 0.5 0.054086538461538464 0.06610576923076923
0 0.013221153846153846 0.5024038461538461 0.026442307692307692 0.07572115384615384
0 0.1658653846153846 0.5108173076923077 0.04807692307692308 0.06370192307692307
1 0.5649038461538461 0.5228365384615384 0.0625 0.23317307692307693
0 0.36538461538461536 0.5252403846153846 0.055288461538461536 0.09975961538461539
1 0.4326923076923077 0.5516826923076923 0.08173076923076923 0.25600961538461536
0 0.7223557692307693 0.5637019230769231 0.056490384615384616 0.09254807692307693
1 0.8689903846153846 0.5709134615384616 0.09975961538461539 0.36778846153846156