1 0.5685096153846154 0.5913461538461539 0.11057692307692307 0.8149038461538461
1 0.390625 0.5925480769230769 0.1045673076923077 0.8137019230769231
1 0.2932692307692308 0.6033653846153846 0.11177884615384616 0.7920673076923077
1 0.8257211538461539 0.6141826923076923 0.1310096153846154 0.7704326923076923
0 0.31009615384615385 0.14423076923076922 0.054086538461538464 0.0889423076923077
0 0.38221153846153844 0.15865384615384615 0.06129807692307692 0.1045673076923077
0 0.16105769230769232 0.1814903846153846 0.05889423076923077 0.1045673076923077
0 0.8413461538461539 0.18509615384615385 0.0673076923076923 0.11177884615384616
0 0.7211538461538461 0.19831730769230768 0.07451923076923077 0.1346153846153846
0 0.04807692307692308 0.21875 0.07692307692307693 0.10576923076923077
0 0.4795673076923077 0.21995192307692307 0.052884615384615384 0.1346153846153846
0 0.5552884615384616 0.24759615384615385 0.0673076923076923 0.11538461538461539
0 0.9278846153846154 0.25721153846153844 0.07091346153846154 0.11057692307692307
0 0.3786057692307692 0.2644230769230769 0.06971153846153846 0.12620192307692307
0 0.27403846153846156 0.296875 0.06370192307692307 0.10576923076923077
0 0.8125 0.33413461538461536 0.078125 0.12860576923076922
1 0.7211538461538461 0.5504807692307693 0.11778846153846154 0.8978365384615384
1 0.05889423076923077 0.5540865384615384 0.09014423076923077 0.8209134615384616
1 0.17067307692307693 0.5588942307692307 0.10817307692307693 0.8798076923076923
1 0.4855769230769231 0.5673076923076923 0.11899038461538461 0.8641826923076923
1 0.9423076923076923 0.5721153846153846 0.11057692307692307 0.8509615384615384