1 0.13942307692307693 0.5961538461538461 0.06370192307692307 0.484375
1 0.203125 0.6346153846153846 0.08052884615384616 0.47836538461538464
1 0.2920673076923077 0.6478365384615384 0.08413461538461539 0.4891826923076923
1 0.7463942307692307 0.6478365384615384 0.09495192307692307 0.5072115384615384
1 0.4014423076923077 0.6574519230769231 0.036057692307692304 0.5709134615384616
1 0.4675480769230769 0.7055288461538461 0.06850961538461539 0.5036057692307693
1 0.5348557692307693 0.7067307692307693 0.08533653846153846 0.5853365384615384
1 0.6225961538461539 0.7115384615384616 0.09375 0.5757211538461539
0 0.22355769230769232 0.38461538461538464 0.037259615384615384 0.054086538461538464
0 0.6502403846153846 0.39302884615384615 0.05048076923076923 0.10096153846153846
0 0.4326923076923077 0.41225961538461536 0.042067307692307696 0.0625
0 0.14783653846153846 0.41346153846153844 0.042067307692307696 0.056490384615384616
0 0.4795673076923077 0.4170673076923077 0.037259615384615384 0.0673076923076923
0 0.36538461538461536 0.42427884615384615 0.028846153846153848 0.046875
0 0.5348557692307693 0.45552884615384615 0.04927884615384615 0.06971153846153846
0 0.30288461538461536 0.45913461538461536 0.04447115384615385 0.05048076923076923
0 0.2091346153846154 0.4639423076923077 0.046875 0.07211538461538461
0 0.7536057692307693 0.46634615384615385 0.04927884615384615 0.07692307692307693
0 0.6129807692307693 0.484375 0.04807692307692308 0.09375