1 0.25240384615384615 0.5949519230769231 0.05889423076923077 0.4699519230769231
1 0.6646634615384616 0.6105769230769231 0.06009615384615385 0.40865384615384615
1 0.7776442307692307 0.6141826923076923 0.09375 0.3088942307692308
1 0.3449519230769231 0.65625 0.10336538461538461 0.453125
0 0.055288461538461536 0.4098557692307692 0.028846153846153848 0.05048076923076923
0 0.7391826923076923 0.42908653846153844 0.02283653846153846 0.036057692307692304
0 0.6165865384615384 0.4387019230769231 0.036057692307692304 0.0673076923076923
0 0.6550480769230769 0.4423076923076923 0.040865384615384616 0.04807692307692308
0 0.2692307692307692 0.44711538461538464 0.03365384615384615 0.05048076923076923
0 0.4639423076923077 0.4519230769230769 0.020432692307692308 0.039663461538461536
0 0.3629807692307692 0.47716346153846156 0.036057692307692304 0.0733173076923077
1 0.055288461538461536 0.49278846153846156 0.054086538461538464 0.19230769230769232
0 0.8004807692307693 0.5228365384615384 0.03245192307692308 0.04447115384615385
1 0.734375 0.5252403846153846 0.03485576923076923 0.27524038461538464
1 0.453125 0.5721153846153846 0.07211538461538461 0.32091346153846156
1 0.6105769230769231 0.5733173076923077 0.06009615384615385 0.34975961538461536