1 0.1875 0.6983173076923077 0.11899038461538461 0.4074519230769231
1 0.6225961538461539 0.7608173076923077 0.15504807692307693 0.47716346153846156
0 0.140625 0.32572115384615385 0.04447115384615385 0.07451923076923077
0 0.02403846153846154 0.3329326923076923 0.04447115384615385 0.04927884615384615
0 0.2764423076923077 0.33653846153846156 0.027644230769230768 0.04927884615384615
0 0.21153846153846154 0.3401442307692308 0.030048076923076924 0.042067307692307696
0 0.296875 0.36778846153846156 0.028846153846153848 0.051682692307692304
1 0.21514423076923078 0.4074519230769231 0.06971153846153846 0.2668269230769231
1 0.12860576923076922 0.4266826923076923 0.08173076923076923 0.3016826923076923
1 0.03245192307692308 0.43149038461538464 0.06370192307692307 0.28725961538461536
0 0.40384615384615385 0.44471153846153844 0.03245192307692308 0.04927884615384615
0 0.5949519230769231 0.4483173076923077 0.04567307692307692 0.07211538461538461
0 0.9783653846153846 0.45913461538461536 0.038461538461538464 0.08653846153846154
0 0.6790865384615384 0.4795673076923077 0.042067307692307696 0.09134615384615384
0 0.9350961538461539 0.4951923076923077 0.054086538461538464 0.0829326923076923
0 0.2956730769230769 0.5 0.056490384615384616 0.10817307692307693
0 0.20192307692307693 0.5288461538461539 0.037259615384615384 0.08052884615384616
0 0.46274038461538464 0.5420673076923077 0.04567307692307692 0.11057692307692307
0 0.390625 0.5504807692307693 0.08173076923076923 0.09615384615384616
0 0.7439903846153846 0.5552884615384616 0.06370192307692307 0.1141826923076923
0 0.6262019230769231 0.5829326923076923 0.06610576923076923 0.13822115384615385